audio_filename = 'audio\mrtwords.wav';

list_words = {'cuff';'cub';'cup';'cuss';'suck';'puck';'pug';'buck';'bug';'pun';...
    'bun';'sun';'fun';'pus';'sub';'sup';'pub';'pup';'puff';'bus';'buff';...
    'buzz';'sud';'putt';'but';'bop';'pop';'sop'};

list_startSamples = [9579170,9760150,9702493,9894685,7655648,8192184,8531723,9159550, ...
    9519910,7039032,7210403,7335328,7394587,517317,7449042,7851043,8265858,8328320, ...
    8395587,8975366,9037829,9284475,7788581,8035227,9223614,6066861,6420814,7588381];
    
list_numSamples = [65665,64064,56056,54454,68869,72072,59259,62463,57658,54454,59259, ...
    57658,52853,56056,70470,62463,60860,65666,73674,60861,54454,65666,60861,94495,59260, ...
    64064,56056,65665];