%
% generate interesting stimuli to compare
%
wf = {...
{1, 1:16, 1, [100, 1.0, 10, 0, 0]},... % sine at 100 Hz, 10 cycles
{2, 1:16, 1, [150, 1.0, 10, 0, 0]},... % sine at 150 Hz, 10 cycles
{3, 1:16, 1, [200, 1.0, 10, 0, 0]},... % sine at 200 Hz, 10 cycles
... % next: random-feeling, complex
{4, 1:16, 1, [250, 1.0, 2, 0, 0; 100, 1.0, 2, 0, 0; 310, 1.0, 2, 0, 0; 180, 1.0, 2, 0, 0;280, 1.0, 2, 0, 0; 80, 1.0, 2, 0, 0; 160, 1.0, 2, 0, 0; 210, 1.0, 2, 0, 0,]},...  % waveform 26 spec
{5, 1:16, 1, [100, 1.0, 6, 0, 0; 150, 1.0, 6, 0, 0; 200, 1.0, 6, 0, 0]},... % sweep
};

stim1 = [...
    63,0,1;...
    63,0,0;... % delay
    63,1,1;...
    63,0,0;... % delay
    63,2,1;...
    63,0,0;... % delay
    63,3,1;...
    63,0,0;... % delay
    63,4,1;...
    63,0,0;... % delay
    63,5,1;...    
];

stim2 = [...
    63,0,2;...
    63,0,0;... % delay
    63,1,2;...
    63,0,0;... % delay
    63,2,2;...
    63,0,0;... % delay
    63,3,2;...
    63,0,0;... % delay
    63,4,2;...
    63,0,0;... % delay
    63,5,2;...    
];

stim3 = [...
    63,0,3;...
    63,0,0;... % delay
    63,1,3;...
    63,0,0;... % delay
    63,2,3;...
    63,0,0;... % delay
    63,3,3;...
    63,0,0;... % delay
    63,4,3;...
    63,0,0;... % delay
    63,5,3;...    
];

stim4 = [...
    63,0,4;...
    63,0,0;... % delay
    63,1,4;...
    63,0,0;... % delay
    63,2,4;...
    63,0,0;... % delay
    63,3,4;...
    63,0,0;... % delay
    63,4,4;...
    63,0,0;... % delay
    63,5,4;...    
];

stim5 = [...
    63,0,5;...
    63,0,0;... % delay
    63,1,5;...
    63,0,0;... % delay
    63,2,5;...
    63,0,0;... % delay
    63,3,5;...
    63,0,0;... % delay
    63,4,5;...
    63,0,0;... % delay
    63,5,5;...    
];

stim6 = [...
    63,0,1;...
    63,1,1;...
    63,2,1;...
    63,3,1;...
    63,4,1;...
    63,5,1;...    
];

stim7 = [...
    63,0,2;...
    63,1,2;...
    63,2,2;...
    63,3,2;...
    63,4,2;...
    63,5,2;...    
];

stim8 = [...
    63,0,3;...
    63,1,3;...
    63,2,3;...
    63,3,3;...
    63,4,3;...
    63,5,3;...    
];

stim9 = [...
    63,0,4;...
    63,1,4;...
    63,2,4;...
    63,3,4;...
    63,4,4;...
    63,5,4;...    
];

stim10 = [...
    63,0,5;...
    63,1,5;...
    63,2,5;...
    63,3,5;...
    63,4,5;...
    63,5,5;...    
];



config = {wf,stim1,stim2,stim3,stim4,stim5,stim6,stim7,stim8,stim9,stim10};
