%
% generate interesting stimuli to compare
%
wf = {...
{1, 1:16, 1, [50, 1.0, 1, 0, 0]},...   % 1=50 Hz sine, 1 cycle
{2, 1:16, 1, [50, 1.0, 2, 0, 0]},...   % 150 Hz sine, 2 cycles
{3, 1:16, 1, [50, 1.0, 4, 0, 0]},...   % 150 Hz sine, 4 cycles
{4, 1:16, 1, [150, 1.0, 2, 0, 0]},...   % 150 Hz sine, 1 cycle
{5, 1:16, 1, [150, 1.0, 4, 0, 0]},...   % 150 Hz sine, 2 cycles
{6, 1:16, 1, [150, 1.0, 6, 0, 0]},...   % 150 Hz sine, 4 cycles
{7, 1:16, 1, [370, 1.0, 3, 0, 0]},...   % 370 Hz sine, 1 cycle
{8, 1:16, 1, [370, 1.0, 6, 0, 0]},...   % 370 Hz sine, 2 cycles
{9, 1:16, 1, [370, 1.0, 9, 0, 0]},...   % 370 Hz sine, 4 cycles
{10, 1:16, 3, [150, 1.0, 1, 0, 0; 370, 1.0, 6, 0, 0]},... % alternating 150,370
%{8, 1:16, 1, [250, 1.0, 2, 0, 0; 100, 1.0, 2, 0, 0; 310, 1.0, 2, 0, 0; 180, 1.0, 2, 0, 0;280, 1.0, 2, 0, 0; 80, 1.0, 2, 0, 0; 160, 1.0, 2, 0, 0; 210, 1.0, 2, 0, 0,]},...  % waveform 26 spec
%{8, 1:16, 1, [100, 1.0, 6, 0, 0; 150, 1.0, 6, 0, 0; 200, 1.0, 6, 0, 0]},... % sweep
};

stim1 = [...
    63,3,1;...
    63,7,1;... % delay
    63,1,1;...
    63,14,1;... % delay
    63,4,1;...
    63,9,1;... % delay
    63,15,1;...
    63,2,1;... % delay
    63,5,1;...
    63,12,1;... % delay
    63,6,1;...    
    63,11,1;...
    63,8,1;... % delay
    63,13,1;...
    63,10,1;... % delay
    63,11,1;...    
];

stim2 = [...
    63,3,2;...
    63,7,2;... % delay
    63,1,2;...
    63,14,2;... % delay
    63,4,2;...
    63,9,2;... % delay
    63,15,2;...
    63,2,2;... % delay
    63,5,2;...
    63,12,2;... % delay
    63,6,2;...    
    63,11,2;...
    63,8,2;... % delay
    63,13,2;...
    63,10,2;... % delay
    63,11,2;...    

];

stim3 = [...
    63,3,3;...
    63,7,3;... % delay
    63,1,3;...
    63,14,3;... % delay
    63,4,3;...
    63,9,3;... % delay
    63,15,3;...
    63,2,3;... % delay
    63,5,3;...
    63,12,3;... % delay
    63,6,3;...    
    63,11,3;...
    63,8,3;... % delay
    63,13,3;...
    63,10,3;... % delay
    63,11,3;...    

];

stim4 = [...
    63,3,4;...
    63,7,4;... % delay
    63,1,4;...
    63,14,4;... % delay
    63,4,4;...
    63,9,4;... % delay
    63,15,4;...
    63,2,4;... % delay
    63,5,4;...
    63,12,4;... % delay
    63,6,4;...    
    63,11,4;...
    63,8,4;... % delay
    63,13,4;...
    63,10,4;... % delay
    63,11,4;...    
];

stim5 = [...
    63,3,5;...
    63,7,5;... % delay
    63,1,5;...
    63,14,5;... % delay
    63,4,5;...
    63,9,5;... % delay
    63,15,5;...
    63,2,5;... % delay
    63,5,5;...
    63,12,5;... % delay
    63,6,5;...    
    63,11,5;...
    63,8,5;... % delay
    63,13,5;...
    63,10,5;... % delay
    63,11,5;...    
];

stim6 = [...
    63,3,6;...
    63,7,6;... % delay
    63,1,6;...
    63,14,6;... % delay
    63,4,6;...
    63,9,6;... % delay
    63,15,6;...
    63,2,6;... % delay
    63,5,6;...
    63,12,6;... % delay
    63,6,6;...    
    63,11,6;...
    63,8,6;... % delay
    63,13,6;...
    63,10,6;... % delay
    63,11,6;...    
];

stim7 = [...
    63,3,7;...
    63,7,7;... % delay
    63,1,7;...
    63,14,7;... % delay
    63,4,7;...
    63,9,7;... % delay
    63,15,7;...
    63,2,7;... % delay
    63,5,7;...
    63,12,7;... % delay
    63,6,7;...    
    63,11,7;...
    63,8,7;... % delay
    63,13,7;...
    63,10,7;... % delay
    63,11,7;...    
];

stim8 = [...
    63,3,8;...
    63,7,8;... % delay
    63,1,8;...
    63,14,8;... % delay
    63,4,8;...
    63,9,8;... % delay
    63,15,8;...
    63,2,8;... % delay
    63,5,8;...
    63,12,8;... % delay
    63,6,8;...    
    63,11,8;...
    63,8,8;... % delay
    63,13,8;...
    63,10,8;... % delay
    63,11,8;...    

];

stim9 = [...
     63,3,9;...
    63,7,9;... % delay
    63,1,9;...
    63,14,9;... % delay
    63,4,9;...
    63,9,9;... % delay
    63,15,9;...
    63,2,9;... % delay
    63,5,9;...
    63,12,9;... % delay
    63,6,9;...    
    63,11,9;...
    63,8,9;... % delay
    63,13,9;...
    63,10,9;... % delay
    63,11,9;...    

];

stim10 = [...
    63,3,10;...
    63,7,10;... % delay
    63,1,10;...
    63,14,10;... % delay
    63,4,10;...
    63,9,10;... % delay
    63,15,10;...
    63,2,10;... % delay
    63,5,10;...
    63,12,10;... % delay
    63,6,10;...    
    63,11,10;...
    63,8,10;... % delay
    63,13,10;...
    63,10,10;... % delay
    63,11,10;...    
];


config = {wf,stim1,stim2,stim3,stim4,stim5,stim6,stim7,stim8,stim9,stim10};
