%
% DRMid control file.
% Delayed Recognition Memory identification test to check intelligibility
% of the vocoded stimuli
%
% ETA, 4-18-14
%  last modified 4-18-14 ETA
% Words are in lab recordings of the CVCs and CV with Stop consonants  Vocoding was with the F2 and Hi pass.  
%
%% CVC
audio_filename = 'SINcvcf2hi.wav';
list_startSamples = [...
42762,81639,121600,158157,200000,237939,275100,317280,357283,388528,...
426296,457996,495000,534374,574193,612149,651711,693787,730542,774259,...
801958,846745,896858,946841,993149,1039402,1080000,1116854,1167431,1209223,...
1246022,1288602,1332511,1368712,1417953,1450000,1494021,1553537,1604338,1659001,...
1702107,1743795,1783423,1821346,1870000,1911654,1951435,1998344,2041615,2086507,...
2127188,2176694,2214258,2254655,2309476,2362274,2418007,2470000,2512000,2541000,...
2568395];
list_numSamples = [...
24048,22371,21212,24572,30000,25634,28061,27302,13954,28061,...
20931,25786,27254,28551,20807,29182,27825,19051,22346,19148,...
25061,16073,16838,18879,20301,20598,21002,20553,19005,19326,...
28967,22637,18950,28967,17601,19135,18955,20308,19212,22049,...
21276,18954,17210,18654,20501,18880,27081,23276,17279,19754,...
19164,20343,19607,22752,20524,21670,23734,21147,19000,16000,...
21936];

list_words = {...
'bad','bag','bat','back','dab','dad','gab','gag','gap','pad',...
'pat','pack','tab','tag','tap','tack','cab','cap','cat','bib',...
'bid','big','bit','did','dig','dip','gig','pig','pip','pit',...
'pick','tip','tick','kid','kit','kick','bed','beg','bet','dead',...
'debt','deck','get','peg','pet','peck','keg','bead','beep','beat',...
'beak','deep','geek','peep','peat','peak','teak','keep'};
afterResponseWaitSecs = 1;

soundOutDevice = 'speaker'; % none, speaker or inserts
        lists = [1]; % use these lists for the screening test, in this order
        randomize_stim = 1;
        playStereo = 1; % duplicate for other channel if original file mono
        reverseChannels = 0;
        instructionsWORDS = ...
['From the loudspeaker,',...
' you will hear a series of 58 short, unrelated CVC words spoken by a man and processed.',...
' Your task is to listen to the word and then when you are prompted,'...
' Type in your identification of what the word was.',...
' Please listen carefully and do your best to repeat what you think the word was.',...
' If you are sure of the whole word, great, if not, it is okay to guess',...
' Each word will be played only once.'...
' You will have as much time as you need to say your response.',...
' When you have finished typing your response, hit ENTER. This will cause the computer to go on to the next word. ',...
' If you are unable to type anything at all simply hit ENTER.',10,13,32,10,13,...
' Do you have any questions? If so, exit the booth to ask. If not, please push ENTER to hear the first word'];

%% CV
audio_filenameCV2 = {'SINcvcf2hi.wav'};
list_startSamplesCV = [...
20000,41000,71000,101358,130659,161130,190479,217633,248760,279571,...
304467,328330,359598,394391,423770,455000,486487,515448,549139,587354,...
625000,658294,689173,726182,757480,785000,812355];
list_numSamplesCV = [...
10849,15000,15579,12642,15976,14314,9521,9836,9474,9519,...
12811,11670,9068,10195,10691,11992,13513,12180,12405,13037,...
13045,15338,13714,13217,16054,15693,12316];
list_wordsCV = {...
'b@','d@','g@','p@','t@','k@','bih','dih','gih','pih',...
'tih','kih','beh','deh','geh','peh','teh','keh','bee','dee',...
'gee','pee','tee','kee','falling','rising','sil'};
