0.016667 0.983333 0.991667 1 0.975 1 1 1 1 1 1 1 1 0.991667 0.95 
0.983333 0.066667 1 0.983333 0.941667 1 1 1 1 1 1 1 1 0.958333 0.991667 
0.991667 1 0.083333 1 0.991667 0.991667 0.991667 0.991667 0.983333 1 1 0.991667 1 0.991667 1 
1 0.983333 1 0.033333 1 1 0.991667 1 1 1 0.975 0.983333 1 1 1 
0.975 0.941667 0.991667 1 0.433333 0.766667 0.958333 1 0.983333 1 1 0.983333 0.766667 0.983333 1 
1 1 0.991667 1 0.766667 0.766667 0.975 0.975 0.991667 0.991667 0.991667 0.916667 0.933333 0.991667 0.991667 
1 1 0.991667 0.991667 0.958333 0.975 0.266667 0.783333 0.9 1 0.991667 0.983333 0.908333 1 1 
1 1 0.991667 1 1 0.975 0.783333 0.533333 0.616667 1 0.966667 1 0.933333 1 1 
1 1 0.983333 1 0.983333 0.991667 0.9 0.616667 0.716667 0.991667 0.925 0.991667 0.966667 1 1 
1 1 1 1 1 0.991667 1 1 0.991667 0.15 0.933333 1 1 1 0.991667 
1 1 1 0.975 1 0.991667 0.991667 0.966667 0.925 0.933333 0.25 0.983333 1 1 0.983333 
1 1 0.991667 0.983333 0.983333 0.916667 0.983333 1 0.991667 1 0.983333 0.183333 0.991667 1 1 
1 1 1 1 0.766667 0.933333 0.908333 0.933333 0.966667 1 1 0.991667 0.85 1 0.991667 
0.991667 0.958333 0.991667 1 0.983333 0.991667 1 1 1 1 1 1 1 0.216667 0.908333 
0.95 0.991667 1 1 1 0.991667 1 1 1 0.991667 0.983333 1 0.991667 0.908333 0.25 
