0 1 0.991667 1 1 1 1 1 1 1 1 1 1 1 1 
1 0.016667 1 1 0.9 1 1 1 1 1 1 1 1 1 1 
0.991667 1 0.016667 1 1 1 1 1 1 1 1 1 1 1 1 
1 1 1 0 0.991667 1 1 1 1 1 1 1 1 1 1 
1 0.9 1 0.991667 0.25 1 0.758333 1 1 1 1 1 1 1 1 
1 1 1 1 1 0 1 1 1 1 1 1 1 1 1 
1 1 1 1 0.758333 1 0.433333 1 1 1 1 1 1 1 1 
1 1 1 1 1 1 1 0.4 0.725 1 1 1 0.825 1 1 
1 1 1 1 1 1 1 0.725 0.283333 0.991667 0.983333 1 0.95 1 0.991667 
1 1 1 1 1 1 1 1 0.991667 0.216667 0.983333 1 1 0.966667 0.766667 
1 1 1 1 1 1 1 1 0.983333 0.983333 0.033333 0.983333 1 1 0.958333 
1 1 1 1 1 1 1 1 1 1 0.983333 0.016667 1 1 1 
1 1 1 1 1 1 1 0.825 0.95 1 1 1 0.366667 0.958333 1 
1 1 1 1 1 1 1 1 1 0.966667 1 1 0.958333 0.233333 0.875 
1 1 1 1 1 1 1 1 0.991667 0.766667 0.958333 1 1 0.875 0.533333 
