0.583333 0.666667 0.991667 1 0.958333 1 1 1 1 1 1 1 1 1 1 
0.666667 0.483333 0.95 0.991667 0.891667 1 1 1 1 1 1 1 0.991667 1 1 
0.991667 0.95 0.75 0.908333 0.766667 1 0.666667 1 0.991667 1 1 1 0.983333 1 1 
1 0.991667 0.908333 0.75 0.875 1 0.858333 0.9 0.983333 1 1 1 0.95 1 1 
0.958333 0.891667 0.766667 0.875 0.65 1 0.883333 0.966667 1 1 1 1 0.85 1 1 
1 1 1 1 1 0.533333 1 0.966667 0.916667 0.941667 0.991667 0.95 0.991667 0.891667 0.916667 
1 1 0.666667 0.858333 0.883333 1 0.4 0.991667 1 1 1 1 0.975 1 1 
1 1 1 0.9 0.966667 0.966667 0.991667 0.416667 0.733333 1 0.983333 0.991667 0.85 1 1 
1 1 0.991667 0.983333 1 0.916667 1 0.733333 0.4 0.991667 0.966667 0.958333 0.958333 0.991667 1 
1 1 1 1 1 0.941667 1 1 0.991667 0.3 0.958333 0.933333 1 0.983333 0.925 
1 1 1 1 1 0.991667 1 0.983333 0.966667 0.958333 0.083333 1 1 1 1 
1 1 1 1 1 0.95 1 0.991667 0.958333 0.933333 1 0.433333 1 0.925 0.966667 
1 0.991667 0.983333 0.95 0.85 0.991667 0.975 0.85 0.958333 1 1 1 0.683333 0.991667 1 
1 1 1 1 1 0.891667 1 1 0.991667 0.983333 1 0.925 0.991667 0.416667 0.683333 
1 1 1 1 1 0.916667 1 1 1 0.925 1 0.966667 1 0.683333 0.416667 
